122
54585
93453
59521
57824
76744
92629
73271
3791
91806
95673
1381
73685
74805
27945
17341
58623
60069
20652
70407
39547
94578
16667
79783
54708
50819
3891
574
55989
88607
16240
80537
51167
25594
23123
33718
51041
87414
34592
93451
85215
34999
46085
18562
77268
89398
12409
6606
52285
68839
99911
9284
69013
80073
33068
17231
20383
3294
9554
85951
58005
57225
47230
16470
95468
58667
27076
39587
59445
36259
84911
59258
92934
40591
49657
20895
81945
35952
46272
89574
61250
2925
67691
18522
94216
68037
94934
67738
20416
71218
43491
65556
93626
52153
84064
5075
60575
95567
69464
65603
40939
42406
39217
93663
80255
53274
38397
1397
41889
4434
5604
29171
41735
67524
32832
45483
9777
53386
86412
6128
78532
68030
39791
