439
15227
88060
23823
52946
53681
43034
94098
58513
26940
24135
79288
11616
55848
11430
59573
25822
54415
55514
48414
8403
20973
40626
29358
66594
51381
81942
25507
6448
25548
48308
90187
8132
57112
46230
922
43958
75777
98637
25977
81491
86627
32318
34022
82918
77228
52145
16794
68192
3263
18133
10078
38160
71230
43151
88185
83825
37884
21745
18232
14948
12916
4994
13048
35195
29808
5309
70317
12415
84117
68347
44391
6412
57455
14264
433
23653
23909
75591
7704
65194
69262
16584
25009
3363
89050
83686
32212
49940
67123
10871
64656
35309
44940
47703
62194
52934
53840
2535
24430
82309
21217
25058
28942
48272
63452
53416
66945
98542
56703
35285
5229
97916
5563
28838
22447
58096
76913
55323
20523
62474
81890
69805
85340
37629
29067
87853
31138
66982
65173
89451
77802
15504
33777
6646
57425
59028
39467
75604
62634
13865
41536
94832
18366
20694
46601
37193
6911
30019
97458
47171
10571
99757
27137
64168
80932
96313
60297
11190
97617
84292
45299
21904
78075
49830
91474
29115
174
429
72020
36449
13014
45930
18338
87449
89511
59770
50564
30137
12632
9099
94056
94019
71467
48005
36857
51600
14340
15574
78031
55074
17980
14010
34341
59900
9457
98523
44255
70396
41130
32934
9014
1438
2850
15179
94059
86883
86902
13963
51659
59996
77126
18784
10893
70526
27811
50847
61467
43286
6670
66516
14691
45347
14473
42207
25352
75519
74073
64504
8348
45674
10970
34399
73131
22227
26018
22412
63285
15800
72391
90897
14746
37003
32986
73957
16582
5674
76750
4863
90467
58917
57814
47507
58585
10107
73052
17743
30990
37295
13878
58618
85602
69701
88788
4768
45959
49758
29471
10622
93934
56504
49361
34958
28668
48569
88037
27517
2500
47165
50094
63988
72521
63664
42244
90251
21978
38304
54383
97415
62179
31561
64470
37930
79461
37766
26192
97652
24024
82671
65140
94440
23803
74821
81308
20421
73042
90392
59613
67717
38146
91661
45368
97724
17167
66815
53381
82830
40555
6576
61757
86411
32334
65987
40114
67148
18553
94527
92374
16563
64342
94512
23377
97731
80781
81864
10612
33873
90537
28599
70424
77073
82071
72554
48607
99535
71636
40345
93132
77687
734
34371
61312
6830
38367
55236
21390
92716
82488
12590
1538
23972
65460
90634
20149
45971
15992
69477
36089
31893
55724
65591
24468
33699
60130
80486
25750
73399
54548
35297
71355
41470
19519
95074
15476
65629
90602
85515
64071
89605
31334
86132
2335
10388
57124
74381
13250
38745
62075
38492
18906
18334
42486
70003
75178
63384
90504
42882
76974
82397
25588
84341
30136
38387
17520
17024
52776
4981
8812
50176
53773
8606
66135
56442
27752
53796
14160
11928
3242
14480
72653
65466
23424
16256
96661
16900
71248
30278
45637
9605
8720
