860
40974
70985
71150
96089
3850
25666
79438
24988
89126
33808
26489
97798
1327
35391
59788
5509
49602
8387
76250
57665
69539
10106
69888
87980
96886
61239
99047
78249
44259
94658
46371
65021
44913
66719
50174
19601
45930
57433
18793
33745
67702
85556
41089
92079
52463
60535
48126
5127
95040
55842
89890
4637
61415
6508
19008
80903
93531
99394
941
47173
93267
6994
83473
77657
66720
44593
12541
86158
8916
65594
77687
92317
14200
2212
2581
89901
87517
26572
61770
86598
45897
43471
97218
91973
24341
6707
96130
57352
99076
73788
44378
50177
1939
665
5951
95788
77557
82202
215
69518
88614
93024
12779
81683
54232
62006
14136
98130
23121
49171
76628
9857
87147
22449
70400
68875
18110
71933
8112
63254
18914
94587
65717
86814
56030
94251
44728
80000
14412
15983
66603
58103
6039
15300
75241
32466
13603
29323
91396
92341
65088
71752
77537
64601
22324
20466
71654
58377
61182
57440
51571
47042
53094
30883
49307
49533
63283
74258
88701
9014
50170
92049
8385
55544
27815
34128
63706
86586
9975
12127
91902
70019
90905
10981
84634
85773
86041
88712
23826
17607
32060
28894
70790
78452
80365
24794
48054
37443
74350
55859
46590
53921
66792
77481
16412
85708
64994
67139
62645
91372
73605
70598
23097
27314
15857
58562
39707
98323
26203
61361
41473
62612
7229
92218
51150
84977
14304
44275
8545
27580
53001
95685
22801
63214
34022
97847
74772
86172
26310
84996
61709
27387
30083
96198
94444
92986
80036
22732
57051
86996
41464
20274
68210
3199
17088
14761
82427
27316
30166
92449
20728
62637
11282
12413
53952
86058
50889
43241
56979
77581
28633
95728
79328
17614
64334
81920
94251
40833
1275
47514
10995
63911
47789
45967
86181
80167
64671
40168
25544
6269
76757
95679
39694
97763
16180
58901
8284
8255
5276
98894
39857
22648
92263
89107
20013
56324
92696
8292
63374
37305
38181
61417
55112
36621
70727
92855
86821
49471
19840
65185
1473
77101
23248
42702
60885
61254
22041
22916
72658
43574
52251
48092
18240
54661
81192
14426
53671
61009
96459
92632
20702
10715
9046
52644
10565
81988
97417
89697
68618
46219
37967
15125
4951
43562
28056
76698
80616
29145
41658
34063
44360
11962
75153
99357
42997
1493
26596
86483
97289
86367
83766
73385
12784
36934
53952
29071
20955
14431
74692
11716
98130
18002
33285
13813
48833
42323
9044
87475
75810
93448
31034
52118
71942
93832
96295
83661
41033
31305
37600
6437
78815
94103
13152
53584
17758
15085
18065
80341
82981
35334
98818
21456
66197
95020
54494
78537
3237
91223
90110
5291
55402
30780
21180
86615
83673
83024
65675
95210
20498
13338
29715
32236
60771
73694
5193
98075
8554
57006
82515
66825
18180
97871
90960
90860
49070
58284
66876
75918
98501
85678
1965
96201
59532
36085
4791
42896
95361
49049
65257
45699
87405
32769
5108
84005
8974
93046
88302
83127
31049
43741
46323
18247
10308
787
44216
99671
77347
40328
96017
18551
76223
22585
67263
11463
69856
67309
99410
28368
36943
39953
20806
50199
18574
28854
75830
86633
48409
45713
93022
36533
44284
99715
81898
38541
14119
93272
39149
77470
31485
63842
8173
74826
17250
5682
16871
90434
80913
66331
28977
2949
64416
30744
76506
60627
73291
37664
98384
81030
86127
77165
47401
88227
25835
84425
74407
52333
54523
57504
84903
71706
27161
10506
45923
97441
26833
87111
29139
12913
27917
4463
83231
6872
73888
27980
42856
95998
27748
65747
41607
18934
86987
78851
52047
80804
38632
7937
8162
34401
95257
64047
72324
38572
6344
35535
43303
80789
84468
43673
61358
15114
40984
12692
78316
4662
45859
22478
43490
40829
73519
79532
51292
54710
61241
38396
90213
33806
95434
19908
91154
27537
78943
2032
18648
25303
98029
40693
36222
70676
38858
88538
6351
95465
27728
54315
83851
58171
31719
27042
86103
49054
15316
99124
72730
6512
53515
10236
9307
6438
42222
41672
54386
36729
55051
44785
35217
43891
69563
75576
89248
87953
450
20264
30136
87204
66889
10716
27889
78081
65439
17497
38176
51242
18767
95297
68644
23627
37787
61935
18945
66264
99421
36306
73285
60518
15792
38585
53573
50439
51738
74448
28038
78171
94472
54926
80977
11590
78886
14764
7631
45973
61887
26961
24725
98558
97766
85583
58858
44225
2464
78287
88094
13192
61391
77007
5184
68276
49874
60890
11051
2636
81430
23714
9125
13561
21197
91470
62553
98817
3825
730
72789
72755
9603
33094
92965
91031
38881
35600
35346
20361
88091
37820
6594
22833
16437
53491
97131
62955
9012
24115
27072
20052
4119
20678
66235
19904
14443
59788
77633
36442
98509
14388
67047
57751
88566
46250
85536
64784
78619
80857
10841
5537
40103
93267
67353
84436
20847
10721
20114
82434
4157
26769
41825
54091
36929
45193
14210
51801
45031
41782
88235
24860
78222
90143
73627
80767
30124
77022
50331
9122
94730
76827
54885
21948
19723
38773
44602
33969
6222
51655
35007
2675
94652
52807
47716
75412
64251
41171
58580
94721
42987
4092
19150
43504
3314
4244
73837
44694
6030
43065
29813
96983
65432
86243
50177
98564
8191
52016
10728
11053
99776
88089
40799
70202
63076
59955
75092
36194
75106
1142
28101
88176
70818
12124
93184
90145
78218
94477
65798
41577
59522
79611
48440
58432
82946
30463
96625
22062
6968
85201
29817
93746
42830
70219
81713
20113
2998
53306
1807
4194
57799
14961
30957
98582
44901
99300
67975
76627
79718
38984
