474
7825
3837
74819
30302
26394
80754
97547
97187
97250
79041
19172
99488
87411
51365
21147
86516
13060
82420
77827
62624
52230
78230
80555
79806
55105
63790
75956
98234
51282
25558
78376
8398
3447
30692
21793
97912
20581
63297
52788
57679
21752
4695
96114
75755
35953
43697
69014
1868
84107
58550
48549
54406
77303
54197
61988
73504
30629
51160
22747
35323
18952
80445
19521
5965
96779
26547
23710
35320
58782
2543
72002
65940
62932
66295
98562
733
96589
38128
81461
51181
86085
94729
22926
1360
9084
99623
49644
28960
4025
38164
2977
65540
12056
30522
1789
69220
70937
91078
22856
88873
94761
60766
24435
3957
9301
84713
95283
59071
95282
25095
85443
45700
8203
46072
19349
65159
95261
44222
88936
80127
66028
77775
58086
19604
24319
65183
70141
38365
52689
44573
70039
42267
82096
93187
59236
20209
63027
93018
27551
5874
47456
17581
4
60539
78257
31746
9365
33047
31547
69737
56473
45232
20085
97791
56106
74111
93156
4774
93659
97613
25535
83675
78278
26020
18709
42921
55747
44024
7396
62579
55396
69098
28381
43022
20167
58873
76359
38664
70073
12377
62847
52144
14574
9652
65135
68139
70530
35042
71896
28500
26879
41744
99328
33437
59833
10498
89722
92850
27302
58213
60901
60940
36595
35404
35840
897
36126
43661
81350
56820
95273
30615
82355
84248
44278
85299
77411
22503
9795
34956
73090
68028
28353
21454
45253
73948
86140
83637
55265
55446
95535
83928
68051
23708
6728
12153
36066
83118
18942
34709
64727
53984
35928
61478
445
20819
8643
70167
51181
48137
96004
16959
23982
69715
80003
92817
75057
36303
85713
84772
34889
79746
56041
9825
87486
86381
87124
94307
84365
74854
18751
88664
32654
5448
23728
26169
56432
7621
92197
90221
79581
72787
37994
19124
29295
28397
22414
43364
17027
88018
90115
12460
23229
6354
49227
34223
16046
69608
6432
93764
8982
63383
48550
47421
24321
83595
43744
48209
23989
97848
92
24568
49106
65411
93770
35968
65463
95025
30239
25918
60078
47064
75775
2101
11422
44045
22418
29424
89988
13810
30448
24822
7
27713
49318
36496
35337
35880
56512
69885
69780
71388
86749
50482
43238
73051
83174
35568
7725
72642
77294
87501
94226
12418
79833
68560
11766
30294
55672
72199
95970
11572
2423
92125
96239
40918
44199
41574
37651
53368
52689
74204
82055
25129
8457
65841
73257
83476
62427
28100
66593
45912
20488
1732
66757
76974
81439
75458
19346
64209
74037
44462
50504
28190
81979
48998
10529
80358
64482
18785
64255
50307
88092
43993
2605
13209
59530
8009
55556
52591
61344
53591
34522
22107
4271
57484
53270
69468
20746
49826
99984
27628
10666
48175
88313
11271
62409
13239
27874
62280
20135
52281
53826
68049
67618
93935
47702
58911
52904
46055
21884
22130
24119
84101
84244
6250
50104
67916
30632
33432
64737
73942
42647
81464
60810
7672
62139
85933
56106
91061
91311
8067
69414
2738
46823
56366
9274
9156
59267
51833
31610
33281
70947
56446
